264.1 257.1
286.2 288.1 
507.2 506.2
507.1 506.1
1130.1 1131.01
1233.1 1232.1
1378.1 1366.1
1449.2 1451.1
1585.1 1590.1
2723.1 2722.1
2796.1 2799.1
2839.1 2838.1
2908.1 2909.01
4103.1 4105.1
4106.1 4051.3
4375.3 4384.01
4860.1 4859.3
5499.1 5498.1
6745.1 6745.6
6745.2 6745.7
7054.1 7053.1
7446.1 7445.2
7918.1 7917.2
7932.42 7933.11
7932.43 7933.12
8071.1 8070.2
8117.2 8118.01
8151.2 8156.1
8151.3 8159.1
8323.1 8324.1
8380.1 8377.1
8609.1 8611.1
8609.2 8611.2
8619.1 8611.3
8661.2 8663.1
9238.1 9239.1
9238.2 9239.2
9366.2 9363.1
9454.2 9453.2
9454.1 9453.1
9682.1 9681.1
9743.1 9746.1
10227.1 10229.1
10958.1 10957.1
11342.2 11344.1
12466.1 12465.1
12588.1 12587.1
12851.1 12853.1
13702.2 13701.2
14094.2 14099.2
14099.1 14098.1
14327.1 14329.1
14380.1 14377.1
14502.2 14503.1
15608.1 15607.1
15728.1 15724.1
16225.1 16230.06
16244.11 16244.21
16299.1 16300.1
16612.1 16613.1
18146.1 18143.1
18503.1 18507.1
18975.1 18977.1
19890.1 19891.1
20070.1 20065.1
20145.1 20150.1
20145.2 20150.2
20291.1 20290.1
22049.1 22048.1
23124.1 23123.1
23881.1 23880.2
23967.1 23969.1
24031.1 24030.1
24785.2 24793.1
24785.3 24793.2
24970.1 24969.3
24990.2 24997.1
26669.1 26668.1
27388.1 27390.1
27443.1 27444.1
27591.1 27592.1
27896.1 27895.2
28000.1 27997.1
28744.2 28745.1
29478.1 29479.01
31197.1 31198.1
32311.1 32313.1
32759.1 32760.1
34025.1 34027.1
34133.1 34132.1
39776.1 39777.1
39776.2 39777.2
41375.1 41380.1
41375.2 41380.2
41375.3 41381.1
41728.1 41729.1
42979.1 42982.1
44148.1 44149.1
44369.1 44366.3
45335.1 45336.1
45335.2 45336.2
47082.1 47087.1
48192.2 48166.1
48489.1 48490.1
48867.1 48866.1
49521.1 49519.1
50420.1 50419.1
51003.1 51019.1
51951.1 51950.1
53433.1 53432.1
55445.1 55446.1
57327.1 57326.1
59482.1 59483.1
62201.1 62195.1
65313.1 65312.1
66574.1 66575.1
66883.1 64309.1
69985.1 69978.1
72325.1 72324.1
73739.1 73740.1
78687.1 78688.1
79761.1 79762.1
81453.1 81449.1
85990.1 85991.1
89435.1 89435.4
91115.1 91114.1
91188.3 91183.1
91667.1 91668.1
100265.1 100272.1
118585.01 118584.1
120661.1 120660.2
121812.1 121814.1
133961.1 133955.1
140947.1 140946.1
144091.2 144176.1
144102.1 144148.1
147398.1 147399.1
152962.2 152965.1
169702.1 169701.1
169853.1 169846.3
169998.1 169997.1
185966.1 185967.1
186288.1 186281.1
187898.1 187896.1
189533.1 189535.1
189653.1 189652.1
203049.1 203055.1
203739.2 203743.1
209425.1 209424.1
