11782
11783
52659
58459
70011
71383
77854
77860
79111
79120
102419
102629
106066
135796
141898
145769
187141
187154
187167
187168
188888
216848
216859
216861
220333
228017
233578
233582
233586
233587
239110
239114
239117
245083
245471
249019
249502
255003
260166
265564
265565
277539
278155
292953
298777
301251
311031
318983
318986
321798
338623
338625
407760
473087
477286
491310
496386
498045
500942
507575
508812
512591
521186
531441
542890
560379
566070
566071
566717
566721
566730
566765
570991
573515
575865
575869
575870
575871
609210
617506
632420
632425
654352
654359
682486
683420
683422
683428
683429
687854
704992
720228
721135
727183
727187
727190
731767
743723
743727
747139
751462
776241
776246
799786
799789
801613
801614
804870
838481
838488
847815
865494
865497
865500
865505
865506
875745
880408
880425
880426
880428
880429
