(,0,0)	6977
(i,1,1)	1
(i,1,3)	2
(i,1,14)	1
(i,2,10)	1
(i,2,12)	2
(i,2,13)	1
(i,2,14)	1
(i,3,8)	1
(i,3,17)	1
(i,3,18)	1
(i,3,30)	1
(i,3,36)	1
(i,3,38)	1
(i,4,6)	1
(i,4,9)	1
(i,4,19)	1
(i,4,21)	1
(i,5,3)	1
(i,5,8)	1
(i,5,10)	1
(i,5,15)	1
(i,5,22)	1
(i,5,24)	1
(i,6,11)	1
(i,7,16)	1
(i,7,25)	1
(i,7,42)	1
(i,7,46)	1
(i,7,48)	1
(i,8,6)	1
(i,8,12)	1
(i,8,19)	1
(i,8,25)	2
(i,8,39)	1
(i,9,4)	1
(i,9,12)	2
(i,9,15)	1
(i,9,29)	1
(i,9,31)	1
(i,9,37)	1
(i,9,39)	1
(i,9,40)	2
(i,10,1)	1
(i,10,2)	1
(i,10,15)	1
(i,10,27)	1
(i,10,32)	1
(i,10,36)	2
(i,11,2)	2
(i,11,8)	1
(i,11,12)	1
(i,11,14)	1
(i,11,15)	1
(i,11,18)	1
(i,11,21)	1
(i,11,28)	1
(i,11,33)	1
(i,11,36)	1
(i,11,38)	1
(i,12,1)	1
(i,12,8)	1
(i,12,27)	1
(i,12,31)	1
(i,13,2)	2
(i,13,15)	1
(i,13,22)	1
(i,13,30)	1
(i,13,38)	1
(i,13,40)	1
(i,14,4)	1
(i,14,14)	1
(i,14,16)	1
(i,15,8)	2
(i,15,11)	1
(i,15,14)	2
(i,15,23)	1
(i,15,38)	1
(i,16,20)	1
(i,16,22)	1
(i,16,34)	1
(i,17,25)	1
(i,17,26)	1
(i,17,32)	1
(i,17,34)	1
(i,17,36)	1
(i,18,6)	1
(i,18,8)	1
(i,18,16)	1
(i,18,18)	1
(i,18,25)	1
(i,18,37)	1
(i,19,28)	1
(i,19,32)	1
(i,19,38)	1
(i,19,39)	1
(ii,1,23)	2
(ii,1,31)	1
(ii,2,7)	1
(ii,2,12)	1
(ii,3,8)	1
(ii,3,12)	1
(ii,3,15)	1
(ii,3,19)	1
(ii,3,20)	1
(ii,3,24)	1
(ii,5,7)	1
(ii,5,12)	1
(ii,5,13)	1
(ii,5,39)	1
(ii,6,5)	1
(ii,6,42)	1
(ii,6,45)	1
(ii,7,1)	1
(ii,7,3)	1
(ii,7,5)	1
(ii,7,9)	1
(ii,7,12)	1
(ii,7,17)	1
(ii,7,21)	1
(ii,7,24)	1
(ii,7,25)	1
(ii,7,27)	1
(ii,7,31)	1
(ii,7,34)	2
(ii,7,37)	2
(ii,7,40)	1
(ii,7,42)	1
(ii,7,46)	1
(ii,8,14)	1
(ii,9,7)	1
(ii,9,8)	2
(ii,9,19)	1
(ii,9,24)	1
(ii,9,25)	1
(ii,9,43)	1
(ii,9,45)	1
(ii,10,1)	1
(ii,10,17)	1
(ii,10,20)	1
(ii,10,25)	1
(ii,10,49)	1
(iii,1,1)	1
(iii,1,3)	1
(iii,1,9)	1
(iii,1,12)	1
(iii,1,15)	1
(iii,1,19)	1
(iii,1,22)	1
(iii,1,27)	1
(iii,1,29)	2
(iii,1,33)	1
(iii,1,35)	1
(iii,1,37)	1
(iii,1,39)	1
(iii,1,42)	1
(iii,1,43)	2
(iii,1,44)	1
(iii,1,45)	1
(iii,2,7)	1
(iii,2,13)	1
(iii,2,14)	1
(iii,2,17)	1
(iii,2,22)	1
(iii,2,23)	1
(iii,2,24)	1
(iii,3,1)	1
(iii,3,4)	1
(iii,3,10)	1
(iii,3,21)	2
(iii,4,7)	1
(iii,5,15)	1
(iii,5,19)	2
(iii,5,24)	1
(iii,5,35)	1
(iii,5,43)	1
(iii,6,2)	1
(iii,6,15)	1
(iii,6,29)	1
(iii,7,3)	1
(iii,7,24)	1
(iii,7,25)	1
(iii,7,27)	1
(iii,8,10)	1
(iii,8,16)	1
(iii,8,19)	1
(iii,8,20)	1
(iii,8,31)	1
(iii,9,9)	1
(iii,9,19)	1
(iii,9,20)	1
(iii,9,44)	1
(iii,10,3)	1
(iii,10,13)	1
(iii,10,15)	1
(iii,11,5)	1
(iii,11,6)	1
(iii,11,7)	2
(iii,11,8)	1
(iii,11,9)	1
(iii,11,29)	1
(iii,11,31)	1
(iii,11,38)	1
(iii,12,6)	1
(iii,12,12)	1
(iii,12,13)	1
(iii,12,22)	1
(iii,12,43)	2
(iii,12,51)	1
(iii,13,7)	1
(iii,13,9)	1
(iii,13,20)	1
(iii,13,22)	1
(iii,13,25)	3
(iii,13,30)	3
(iii,13,35)	2
(iii,13,43)	1
(iii,13,45)	1
(iii,13,49)	2
(iii,14,3)	1
(iii,14,17)	1
(iii,14,20)	2
(iii,15,8)	1
(iii,15,10)	1
(iii,15,19)	2
(iii,15,21)	1
(iii,15,23)	1
(iii,15,25)	1
(iii,15,28)	1
(iii,15,30)	1
(iii,15,32)	1
(iii,15,35)	1
(iii,15,49)	1
(iii,15,50)	1
(iii,16,2)	1
(iii,16,8)	1
(iii,16,10)	1
(iii,16,12)	1
(iii,16,13)	1
(iii,16,14)	1
(iii,16,17)	1
(iii,16,24)	1
(iii,17,6)	1
(iii,17,9)	1
(iii,17,11)	1
(iii,17,13)	1
(iii,17,19)	1
(iii,17,24)	1
(iii,17,28)	1
(iii,18,1)	1
(iii,18,5)	1
(iii,18,6)	1
(iii,18,8)	1
(iii,18,26)	1
(iii,19,14)	1
(iii,19,18)	1
(iii,20,20)	1
(iii,20,21)	1
(iii,20,22)	3
(iii,20,26)	1
(iii,20,35)	1
(iii,20,39)	1
(iii,20,40)	1
(iii,20,44)	1
(iii,21,3)	1
(iii,21,18)	1
(iii,21,24)	1
(iii,21,47)	1
(iii,22,21)	1
(iii,22,24)	1
(iii,22,27)	1
(iii,22,31)	1
(iii,23,6)	1
(iii,23,8)	1
(iii,23,37)	1
(iii,23,38)	2
(iii,23,42)	1
(iii,24,6)	1
(iii,24,18)	1
(iii,24,20)	1
(iii,24,23)	1
(iii,24,41)	1
(iii,24,42)	1
(iii,25,7)	1
(iii,25,25)	1
(iii,25,28)	1
(iii,26,5)	1
(iii,26,11)	1
(iii,26,33)	1
(iii,26,34)	1
(iii,26,37)	1
(iii,27,1)	1
(iii,27,12)	1
(iii,27,23)	1
(iii,28,11)	1
(iii,28,12)	1
(iii,28,17)	1
(iii,28,18)	1
(iii,28,21)	1
(iii,28,27)	1
(iii,28,28)	1
(iii,30,14)	1
(iii,30,16)	1
(iii,30,17)	1
(iii,30,23)	2
(iii,30,28)	1
(iii,31,2)	1
(iii,31,19)	2
(iii,31,27)	2
(iii,32,17)	1
(iii,33,5)	1
(iii,33,14)	2
(iv,1,4)	1
(iv,1,7)	1
(iv,1,8)	1
(iv,1,15)	1
(iv,1,19)	1
(iv,1,25)	1
(iv,1,28)	1
(iv,1,36)	1
(iv,1,39)	1
(iv,1,40)	1
(iv,1,42)	2
(iv,1,47)	1
(iv,1,49)	2
(iv,1,51)	2
(iv,1,64)	1
(iv,2,21)	1
(iv,2,29)	1
(iv,3,10)	1
(iv,3,15)	1
(iv,3,17)	1
(iv,4,5)	1
(iv,4,7)	1
(iv,4,18)	1
(iv,4,24)	1
(iv,5,3)	2
(iv,5,6)	2
(iv,5,17)	1
(iv,5,21)	1
(iv,6,9)	1
(iv,6,21)	1
(iv,6,26)	1
(iv,6,27)	1
(iv,6,29)	1
(iv,6,38)	1
(iv,6,44)	1
(iv,6,45)	1
(iv,6,50)	1
(iv,6,51)	1
(iv,7,15)	1
(iv,7,29)	1
(iv,7,31)	1
(iv,7,44)	1
(iv,7,56)	1
(iv,8,2)	1
(iv,8,3)	1
(iv,8,4)	1
(iv,8,16)	1
(iv,8,24)	1
(iv,8,31)	2
(iv,8,36)	1
(iv,8,37)	1
(iv,8,53)	1
(iv,9,43)	1
(iv,9,54)	1
(iv,10,1)	1
(iv,10,12)	1
(iv,10,15)	1
(iv,10,22)	1
(iv,10,28)	1
(iv,11,10)	1
(iv,12,25)	1
(iv,12,38)	1
(iv,13,3)	1
(iv,13,12)	2
(iv,13,13)	1
(iv,13,14)	1
(iv,13,16)	2
(iv,13,22)	1
(iv,15,4)	1
(iv,15,17)	3
(iv,16,7)	1
(iv,16,12)	1
(iv,16,14)	1
(iv,17,1)	1
(iv,17,23)	1
(iv,18,7)	1
(iv,18,9)	1
(iv,18,31)	1
(iv,19,6)	1
(iv,19,16)	1
(iv,19,19)	2
(iv,19,20)	1
(iv,19,23)	1
(iv,19,29)	1
(iv,19,35)	1
(iv,19,38)	1
(iv,20,26)	1
(iv,20,27)	1
(iv,21,4)	1
(iv,21,12)	1
(iv,21,22)	1
(iv,21,26)	1
(iv,21,35)	1
(iv,21,40)	1
(iv,21,43)	1
(iv,22,11)	1
(iv,22,37)	2
(iv,22,39)	1
(iv,22,43)	1
(iv,22,45)	1
(iv,23,12)	1
(iv,24,2)	1
(iv,24,8)	2
(iv,24,12)	1
(iv,24,14)	1
(iv,24,31)	1
(iv,24,37)	1
(iv,24,71)	1
(iv,25,24)	1
(iv,25,26)	1
(iv,25,39)	1
(iv,25,47)	1
(iv,25,50)	1
(iv,25,51)	1
(iv,25,52)	1
(iv,26,1)	2
(iv,26,2)	1
(iv,26,13)	1
(iv,26,26)	1
(iv,27,10)	1
(iv,27,13)	1
(iv,28,1)	1
(iv,28,8)	1
(iv,28,12)	1
(iv,28,16)	1
(iv,28,21)	1
(iv,28,35)	1
(iv,28,50)	1
(iv,28,52)	1
(iv,28,56)	1
(iv,28,57)	1
(iv,29,14)	1
(iv,29,20)	1
(iv,29,21)	2
(iv,29,23)	1
(iv,29,40)	1
(iv,29,53)	1
(iv,29,54)	1
(iv,29,64)	1
(iv,29,69)	1
(iv,29,76)	1
(iv,30,6)	1
(iv,30,11)	1
(iv,30,38)	1
(iv,30,47)	1
(iv,30,49)	1
(iv,31,2)	1
(iv,31,6)	1
(iv,31,14)	1
(iv,31,22)	1
(v,1,11)	1
(v,1,14)	1
(v,1,25)	1
(v,1,29)	2
(v,1,30)	1
(v,1,32)	2
(v,2,5)	1
(v,2,6)	1
(v,3,2)	1
(v,3,3)	1
(v,3,6)	1
(v,3,11)	1
(v,4,1)	1
(v,4,8)	1
(v,4,10)	3
(v,4,11)	1
(v,4,13)	1
(v,5,3)	1
(v,5,9)	1
(v,5,29)	1
(v,5,34)	2
(v,6,3)	2
(v,6,4)	1
(v,6,7)	1
(v,6,8)	2
(v,6,9)	1
(v,6,10)	2
(v,7,5)	1
(v,7,9)	1
(v,7,10)	2
(v,7,11)	1
(v,7,13)	2
(v,8,4)	1
(v,8,6)	1
(v,8,8)	1
(v,8,10)	1
(v,8,12)	1
(v,8,15)	1
(v,8,18)	1
(v,8,22)	2
(v,9,6)	1
(v,9,8)	1
(v,9,11)	1
(v,9,12)	1
(v,9,18)	1
(v,10,8)	1
(v,10,12)	1
(v,10,16)	1
(v,10,23)	1
(v,11,1)	1
(v,11,2)	1
(v,11,8)	1
(v,12,2)	1
(v,12,8)	1
(v,12,16)	1
(v,13,2)	1
(v,13,6)	1
(v,13,8)	1
(v,13,9)	1
(v,13,10)	1
(v,13,26)	1
(v,14,2)	2
(v,14,3)	1
(v,14,5)	1
(v,14,7)	1
(v,14,12)	5
(v,14,19)	1
(v,14,26)	1
(v,14,29)	1
(v,14,31)	1
(v,14,33)	1
(v,14,39)	1
(v,15,2)	2
(v,15,5)	2
(v,15,9)	1
(v,15,13)	2
(v,16,4)	1
(v,16,5)	2
(v,16,7)	2
(v,16,19)	1
(v,16,20)	1
(v,16,21)	1
(v,16,27)	3
(v,16,28)	2
(v,16,30)	1
(v,17,1)	1
(v,17,3)	1
(v,17,6)	3
(v,17,11)	1
(v,17,13)	2
(v,17,16)	1
(v,17,17)	1
(v,17,20)	1
(v,17,24)	1
(v,18,4)	1
(v,18,8)	1
(v,18,15)	1
(v,18,18)	1
(v,18,22)	1
(v,18,28)	1
(v,19,16)	3
(v,19,18)	5
(v,19,30)	1
(v,20,2)	1
(v,20,3)	1
(v,20,4)	2
(v,20,8)	1
(v,20,9)	1
(v,20,10)	2
(v,20,15)	3
(v,20,16)	4
(v,20,21)	2
(v,20,22)	2
(v,20,25)	1
(v,20,37)	1
(v,21,3)	1
(v,21,4)	1
(v,21,8)	1
(v,21,9)	1
(v,21,10)	1
(v,21,12)	1
(v,21,13)	3
(v,21,18)	1
(v,22,2)	1
(v,22,5)	1
(v,22,9)	1
(v,22,12)	1
(v,23,1)	1
(v,23,5)	2
(v,23,8)	1
(v,24,4)	1
(v,24,19)	1
(v,24,24)	1
(v,24,27)	1
(v,25,3)	1
(v,25,7)	1
(v,26,3)	1
(v,26,7)	3
(v,26,12)	1
(v,26,17)	1
(v,26,18)	1
(v,26,23)	1
(v,26,25)	1
(v,26,30)	1
(v,26,31)	1
(v,26,32)	1
(v,26,36)	1
(v,26,38)	2
(vi,1,7)	1
(vi,1,14)	1
(vi,1,42)	1
(vi,2,8)	1
(vi,2,27)	1
(vi,2,37)	1
(vi,2,46)	1
(vi,3,2)	1
(vi,3,4)	1
(vi,3,5)	1
(vi,3,12)	1
(vi,3,20)	1
(vi,3,25)	1
(vi,3,27)	1
(vi,3,30)	1
(vi,4,5)	1
(vi,4,9)	1
(vi,4,15)	1
(vi,4,16)	1
(vi,4,34)	1
(vi,5,7)	1
(vi,5,8)	1
(vi,5,10)	1
(vi,5,27)	1
(vi,5,29)	1
(vi,5,40)	1
(vi,5,42)	1
(vi,5,43)	1
(vi,6,2)	1
(vi,6,5)	1
(vi,6,6)	1
(vi,6,8)	1
(vi,6,10)	1
(vi,6,11)	1
(vi,6,13)	1
(vi,6,14)	1
(vi,6,15)	1
(vi,6,21)	1
(vi,6,23)	1
(vi,6,25)	3
(vi,6,33)	1
(vi,6,37)	1
(vi,6,40)	1
(vi,7,11)	1
(vi,7,14)	1
(vi,8,16)	1
(vi,8,21)	1
(vi,9,1)	1
(vi,9,11)	1
(vi,9,13)	1
(vi,9,17)	1
(vi,9,39)	1
(vi,9,40)	1
(vi,9,50)	1
(vi,10,32)	1
(vi,11,20)	1
(vi,12,22)	1
(vi,13,17)	1
(vi,14,10)	1
(vi,14,30)	2
(vi,14,46)	1
(vi,15,13)	1
(vi,15,14)	1
(vi,15,16)	1
(vi,16,1)	1
(vi,16,16)	1
(vi,16,30)	1
(vi,16,32)	1
(vi,16,41)	1
(vi,16,48)	1
(vi,17,1)	1
(vi,17,7)	1
(vi,17,10)	1
(vi,18,3)	1
(vi,18,4)	1
(vi,18,5)	1
(vi,18,6)	1
(vi,18,11)	1
(vi,18,12)	1
(vi,18,13)	1
(vi,18,28)	1
(vi,18,38)	1
(vi,19,16)	1
(vi,19,24)	1
(vi,19,25)	2
(vii,1,7)	1
(vii,1,11)	1
(vii,1,13)	1
(vii,1,15)	1
(vii,1,19)	2
(vii,1,27)	1
(vii,1,30)	1
(vii,1,43)	1
(vii,2,4)	1
(vii,2,7)	1
(vii,2,14)	1
(vii,2,17)	1
(vii,2,18)	1
(vii,2,54)	1
(vii,3,30)	1
(vii,4,22)	1
(vii,5,27)	2
(vii,5,28)	1
(vii,5,30)	3
(vii,5,43)	1
(vii,5,44)	1
(vii,5,46)	1
(vii,5,49)	1
(vii,5,56)	1
(vii,6,8)	1
(vii,6,12)	1
(vii,6,13)	3
(vii,6,15)	1
(vii,6,18)	1
(vii,6,25)	1
(vii,7,23)	1
(vii,7,40)	1
(vii,8,7)	1
(vii,8,22)	1
(vii,8,40)	1
(vii,8,44)	1
(vii,9,25)	1
(vii,9,32)	2
(vii,9,37)	1
(vii,9,40)	1
(vii,10,2)	1
(vii,10,28)	1
(vii,10,37)	1
(vii,10,55)	1
(vii,10,59)	1
(vii,11,9)	1
(vii,11,17)	1
(vii,12,13)	1
(vii,12,18)	1
(vii,12,20)	1
(vii,12,28)	1
(vii,13,12)	1
(vii,13,15)	1
(vii,13,39)	1
(vii,14,11)	1
(vii,14,13)	1
(vii,14,39)	1
(vii,15,10)	1
(vii,15,12)	1
(vii,15,18)	1
(vii,15,56)	1
(vii,15,58)	2
(viii,1,9)	2
(viii,1,10)	1
(viii,1,21)	1
(viii,1,27)	2
(viii,1,28)	2
(viii,2,1)	1
(viii,2,13)	1
(viii,2,15)	1
(viii,2,18)	1
(viii,3,1)	1
(viii,3,2)	1
(viii,3,5)	1
(viii,3,12)	1
(viii,3,23)	1
(viii,3,28)	1
(viii,4,12)	2
(viii,4,15)	1
(viii,5,11)	1
(viii,5,13)	1
(viii,5,17)	1
(viii,5,29)	1
(viii,5,39)	1
(viii,5,41)	1
(viii,5,44)	1
(viii,6,2)	1
(viii,6,13)	1
(viii,7,20)	1
(viii,7,26)	1
(viii,7,40)	1
(viii,7,42)	1
(viii,7,43)	2
(viii,8,29)	1
(viii,8,38)	1
(viii,9,11)	1
(viii,10,7)	1
(viii,10,13)	1
(viii,10,21)	2
(viii,10,32)	1
(viii,11,6)	1
(viii,11,9)	1
(viii,11,11)	1
(viii,11,26)	1
(viii,11,30)	1
(viii,11,35)	1
(viii,11,38)	1
(viii,12,33)	1
(viii,12,35)	1
(viii,13,18)	2
(viii,13,21)	1
(viii,13,22)	1
(viii,13,28)	1
(viii,13,29)	2
(viii,13,31)	1
(viii,13,32)	2
(viii,13,33)	2
(viii,13,34)	2
(viii,13,35)	1
(viii,13,36)	1
(viii,15,3)	1
(viii,15,19)	1
(viii,15,21)	1
(viii,15,36)	1
(viii,17,4)	1
(viii,17,12)	1
(viii,17,26)	1
(viii,18,2)	1
(viii,19,2)	1
(viii,19,34)	2
(viii,20,3)	1
(viii,20,5)	1
(viii,20,7)	1
(viii,20,17)	1
(viii,20,31)	1
(viii,20,33)	1
(viii,21,16)	1
(viii,21,33)	1
(viii,22,21)	1
(viii,23,7)	1
(viii,24,51)	1
(viii,24,61)	1
(ix,1,12)	1
(ix,1,37)	1
(ix,1,41)	1
(ix,2,15)	1
(ix,2,19)	1
(ix,2,21)	2
(ix,2,24)	2
(ix,2,25)	1
(ix,2,29)	1
(ix,2,30)	1
(ix,2,36)	1
(ix,3,7)	1
(ix,3,29)	1
(ix,4,20)	1
(ix,4,71)	1
(ix,5,9)	1
(ix,6,1)	1
(ix,6,4)	2
(ix,6,9)	1
(ix,6,10)	2
(ix,6,13)	1
(ix,6,20)	1
(ix,6,21)	1
(ix,6,27)	1
(ix,6,33)	1
(ix,6,42)	1
(ix,6,47)	1
(ix,7,4)	1
(ix,7,18)	1
(ix,8,1)	1
(ix,8,23)	1
(ix,9,24)	1
(ix,9,34)	1
(ix,9,43)	1
(ix,10,1)	1
(ix,10,9)	1
(ix,10,10)	1
(ix,10,13)	1
(ix,10,19)	1
(ix,10,37)	1
(ix,10,43)	1
(ix,11,1)	1
(ix,11,5)	1
(ix,11,12)	2
(ix,11,17)	1
(ix,11,19)	1
(ix,11,26)	1
(ix,11,33)	1
(ix,12,1)	1
(ix,12,3)	1
(ix,12,8)	1
(ix,12,12)	1
(ix,12,14)	1
(ix,13,16)	1
(ix,13,19)	2
(ix,13,20)	3
(ix,13,23)	2
(ix,13,25)	1
(ix,14,7)	1
(ix,14,20)	1
(ix,14,28)	1
(ix,14,43)	1
(ix,15,1)	1
(ix,15,3)	1
(ix,16,1)	2
(ix,16,3)	1
(ix,16,32)	1
(ix,16,36)	2
(ix,17,1)	1
(ix,17,2)	1
(ix,17,3)	1
(ix,17,4)	1
(ix,17,5)	1
(ix,17,6)	1
(ix,17,10)	2
(ix,17,16)	1
(ix,17,17)	2
(ix,17,18)	2
(ix,18,39)	1
(ix,18,40)	1
(ix,19,4)	1
(ix,19,16)	1
(ix,20,2)	1
(ix,20,4)	3
(ix,20,5)	1
(ix,20,32)	1
(ix,20,38)	1
(ix,21,1)	2
(ix,21,2)	1
(ix,21,19)	2
(ix,21,22)	1
(ix,21,25)	2
(ix,21,26)	1
(ix,21,27)	1
(ix,21,28)	1
(ix,21,29)	1
(ix,22,1)	2
(ix,22,5)	2
(ix,22,6)	1
(ix,22,7)	1
(ix,22,8)	1
(ix,22,9)	1
(ix,22,10)	1
(ix,22,11)	2
(ix,22,29)	1
(ix,22,39)	1
(ix,22,41)	2
(ix,22,42)	2
(ix,22,46)	1
(ix,23,1)	2
(ix,23,2)	2
(ix,23,3)	1
(ix,23,6)	2
(ix,23,10)	1
(ix,23,11)	1
(ix,23,13)	1
(ix,23,14)	1
(ix,23,21)	1
(ix,23,22)	2
(ix,23,23)	1
(ix,23,26)	1
(ix,23,27)	1
(ix,23,30)	1
(ix,23,33)	1
(ix,24,2)	2
(ix,24,3)	2
(ix,24,4)	2
(ix,24,5)	1
(ix,24,7)	1
(ix,24,13)	2
(ix,24,14)	2
(ix,24,15)	2
(ix,24,16)	1
(ix,24,17)	1
(ix,24,23)	1
(ix,24,31)	1
(ix,24,37)	1
(ix,24,38)	2
(ix,24,39)	1
(ix,24,41)	1
(ix,24,42)	2
(ix,24,43)	1
(ix,24,45)	1
(ix,24,47)	2
(ix,24,51)	1
(ix,24,62)	1
(ix,24,64)	1
(x,1,31)	1
(x,2,12)	2
(x,2,21)	1
(x,2,27)	1
(x,3,1)	1
(x,4,36)	1
(x,5,25)	1
(x,6,10)	1
(x,7,27)	1
(x,8,4)	1
(x,8,22)	1
(x,8,25)	1
(x,8,30)	1
(x,9,1)	2
(x,9,6)	1
(x,9,14)	1
(x,9,22)	1
(x,11,38)	1
(x,11,49)	1
(x,12,7)	1
(x,12,29)	2
(x,12,30)	1
(x,12,41)	1
(x,13,25)	1
(x,13,30)	2
(x,13,31)	1
(x,13,35)	1
(x,13,45)	1
(x,13,56)	1
(x,13,60)	1
(x,13,62)	1
(x,14,3)	1
(x,14,4)	1
(x,14,11)	1
(x,14,33)	1
(x,14,40)	1
(x,14,60)	1
(x,15,30)	1
(x,15,36)	1
(x,17,6)	1
(x,17,18)	1
(x,18,14)	1
(x,18,15)	1
(x,20,6)	1
(x,20,47)	1
(x,21,2)	1
(x,21,12)	1
(x,22,12)	1
(x,22,20)	1
(x,25,9)	2
(x,25,19)	1
(x,27,26)	1
(x,29,2)	2
(x,29,3)	1
(x,29,26)	1
(x,30,15)	1
(x,30,16)	1
(x,30,17)	2
(x,30,33)	1
(x,31,4)	1
(x,32,6)	1
(x,33,10)	1
(x,33,23)	1
(x,33,30)	2
(x,35,12)	1
(x,36,10)	1
(x,36,14)	1
(x,36,28)	1
(x,37,8)	1
(x,37,22)	1
(x,37,30)	1
(x,38,8)	1
(x,38,9)	1
(x,39,14)	1
(x,41,20)	1
(x,41,22)	1
(x,41,40)	1
(x,42,3)	1
(x,42,7)	1
(x,42,20)	1
(x,42,33)	1
(x,44,1)	1
(x,44,5)	1
(x,44,13)	1
(x,44,16)	1
(x,44,27)	1
(x,45,3)	1
(x,45,29)	1
(x,45,32)	1
(x,45,36)	6
(x,45,37)	1
(x,46,43)	1
(x,46,45)	1
(x,47,13)	1
(x,47,17)	1
(x,47,19)	1
(x,49,29)	2
(x,50,34)	1
(x,52,42)	1
(x,53,4)	1
(x,53,6)	1
(x,54,7)	1
(x,54,15)	1
(x,55,23)	1
(x,56,7)	1
(x,57,1)	1
(x,57,21)	1
(x,58,50)	1
(x,58,54)	1
(x,58,55)	1
(x,59,12)	1
(x,59,43)	1
(x,59,45)	1
(x,60,8)	1
(x,60,20)	1
(x,60,35)	1
(x,60,54)	1
(x,60,59)	1
(x,61,6)	1
(x,61,8)	1
(x,61,9)	2
(x,61,10)	1
(x,61,12)	2
(x,61,13)	4
(x,61,14)	1
(x,61,15)	1
(x,61,16)	2
(x,61,17)	1
(x,61,18)	1
(x,62,14)	1
(x,62,27)	2
(x,62,34)	1
(x,63,8)	1
(x,63,16)	1
(x,63,20)	1
(x,63,22)	1
(x,64,4)	2
(x,64,32)	1
(x,64,35)	1
(x,64,40)	1
(x,64,42)	1
(x,65,18)	1
(x,65,29)	1
(x,67,7)	1
(x,68,24)	1
(x,68,71)	1
(x,69,40)	1
(x,71,16)	1
(x,72,3)	1
(x,72,10)	1
(x,72,36)	1
(x,72,37)	1
(x,73,11)	1
(x,75,9)	1
(x,75,19)	1
(x,76,10)	1
(x,76,22)	1
(x,78,5)	1
(x,78,19)	2
(x,79,16)	1
(x,79,18)	1
(x,79,20)	1
(x,80,7)	1
(x,80,37)	1
(x,82,6)	1
(x,82,8)	1
(x,82,14)	1
(x,82,41)	1
(x,83,6)	1
(x,83,10)	1
(x,83,11)	1
(x,83,28)	1
(x,83,36)	1
(x,83,39)	1
(x,84,9)	1
(x,84,14)	1
(x,85,43)	1
(x,85,51)	2
(x,86,14)	1
(x,87,14)	1
(x,87,18)	1
(x,87,19)	1
(x,87,22)	1
(x,88,29)	1
(x,88,39)	1
(x,89,2)	1
(x,89,42)	1
(x,89,46)	1
(x,90,10)	1
(x,90,34)	1
(x,90,49)	1
(x,148,5)	1
(xi,1,4)	1
(xi,2,40)	1
(xi,3,13)	1
(xi,4,7)	1
(xi,4,14)	1
(xi,4,18)	3
(xi,6,13)	1
(xi,7,50)	1
(xi,7,66)	1
(xi,7,70)	1
(xi,8,9)	1
(xi,9,15)	1
(xi,9,26)	1
(xi,9,27)	1
(xi,10,8)	1
(xi,11,19)	1
(xi,12,5)	1
(xi,12,19)	1
(xi,12,23)	1
(xi,13,33)	1
(xi,13,41)	1
(xi,14,6)	1
(xi,16,24)	1
(xi,16,29)	1
(xi,17,32)	1
(xi,18,29)	1
(xi,18,33)	1
(xi,18,43)	1
(xi,19,43)	1
(xi,20,26)	1
(xi,20,28)	1
(xi,22,1)	1
(xi,22,4)	1
(xi,23,20)	1
(xi,23,39)	1
(xi,23,44)	1
(xi,24,7)	1
(xi,24,8)	1
(xi,25,30)	1
(xi,26,22)	1
(xi,27,35)	1
(xi,27,44)	1
(xi,28,26)	1
(xi,30,2)	1
(xi,30,44)	1
(xii,1,4)	2
(xii,1,5)	1
(xii,1,12)	1
(xii,1,16)	1
(xii,1,19)	1
(xii,1,24)	1
(xii,1,25)	1
(xii,1,27)	1
(xii,1,30)	1
(xii,1,33)	1
(xii,1,37)	1
(xii,2,6)	1
(xii,2,36)	1
(xii,2,44)	1
(xii,3,35)	1
(xii,3,36)	1
(xii,3,41)	1
(xii,6,30)	1
(xii,6,57)	1
(xii,6,59)	1
(xii,6,64)	1
(xii,6,74)	1
(xii,6,79)	2
(xii,6,80)	1
(xii,7,2)	1
(xii,7,5)	1
(xii,7,24)	1
(xii,8,17)	1
(xii,8,21)	1
(xii,8,44)	1
(xii,10,25)	1
(xii,11,2)	1
(xii,11,36)	1
(xii,12,40)	1
(xii,12,66)	1
(xii,13,4)	1
(xii,13,7)	1
(xii,13,19)	1
(xii,13,20)	1
